lidar_topic: /os_cloud_node/points
imu_topic: /vn100/imu
lidar_type: ouster # livox velodyne ouster
min_radius: 0.5
max_radius: 150.0
point_filter_num: 2
time_scale: 0.001 # nclt: 0.001 other: 1000.0
enable_ahrs_initalization: false
enable_acc_correct: false

scan_resolution: 0.5
voxel_map_resolution: 0.5
max_iterations: 10

acc_cov: 0.001249
gyr_cov: 0.000208
ba_cov: 0.000106
bg_cov: 0.000004

gicp_constraints_gain: 100.0
point2plane_constraints_gain: 1000.0
enable_undistort: true
enable_outlier_rejection: true

gravity: 9.80665
init_ori_cov: 0.0001
inti_pos_cov: 0.0001
init_vel_cov: 100.0
init_ba_cov: 0.000001
init_bg_cov: 0.000001

# newer college
t_imu_lidar: [-0.060649229060416594, -0.012837544242408117, -0.020492606896077407] # transforms a point from lidar into imu frame
R_imu_lidar: [ 0.999934655205122900,  0.003477624535771754, -0.010889970036688295,
               0.003587143302461965, -0.999943027982117100,  0.010053516443599904,
              -0.010854387257665576, -0.010091923381711220, -0.999890161647627000 ]

